DateTimeS,r_timestamp,transect,dist_from_prev_m,dist_cum_m,lat,lon,elev
2019-07-03T14:10:00.00Z,7/3/2019 10:10,Main,0,-104.3072,271840.4448,448941.9443,0.3786
2019-07-03T14:11:00.00Z,7/3/2019 10:11,Main,48.23967248,-56.06752752,271863.414,448899.524,0.3556
2019-07-03T14:12:00.00Z,7/3/2019 10:12,Main,41.90236518,-14.16516235,271883.8167,448862.9243,0.3558
2019-07-03T14:13:00.00Z,7/3/2019 10:13,Main,45.36625133,31.20108899,271908.2199,448824.6806,0.3681
2019-07-03T14:14:00.00Z,7/3/2019 10:14,Main,54.08252531,85.2836143,271933.9242,448777.0969,0.354
2019-07-03T14:15:00.00Z,7/3/2019 10:15,Main,64.9653318,150.2489461,271963.7312,448719.3731,0.3607
2019-07-03T14:16:00.00Z,7/3/2019 10:16,Main,66.98136604,217.2303121,272000.85,448663.6174,0.3493
2019-07-03T14:17:00.00Z,7/3/2019 10:17,Main,63.92548358,281.1557957,272037.7283,448611.4019,0.3624
2019-07-03T14:18:00.00Z,7/3/2019 10:18,Main,61.59753721,342.7533329,272076.5406,448563.5703,0.3818
2019-07-03T14:19:00.00Z,7/3/2019 10:19,Main,67.13586923,409.8892022,272116.7345,448509.796,0.4056
2019-07-03T14:20:00.00Z,7/3/2019 10:20,Main,68.29399529,478.1831974,272157.9993,448455.3783,0.3858
2019-07-03T14:21:00.00Z,7/3/2019 10:21,Main,67.00461881,545.1878163,272196.7802,448400.7371,0.4003
2019-07-03T14:22:00.00Z,7/3/2019 10:22,Main,45.9071487,591.094965,272224.018,448363.7835,0.3937
2019-07-03T14:23:00.00Z,7/3/2019 10:23,Main,55.94060416,647.0355691,272258.0882,448319.4149,0.3967
2019-07-03T14:24:00.00Z,7/3/2019 10:24,Main,59.53891588,706.574485,272291.1324,448269.8875,0.3807
2019-07-03T14:25:00.00Z,7/3/2019 10:25,Main,72.56259404,779.137079,272327.7722,448207.2548,0.3923
2019-07-03T14:26:00.00Z,7/3/2019 10:26,Main,73.61281143,852.7498905,272367.7215,448145.4252,0.3578
2019-07-03T14:27:00.00Z,7/3/2019 10:27,Main,68.47670723,921.2265977,272404.2928,448087.5322,0.3629
2019-07-03T14:28:00.00Z,7/3/2019 10:28,Main,68.33512162,989.5617193,272442.7526,448031.0474,0.3606
2019-07-03T14:29:00.00Z,7/3/2019 10:29,Main,67.08707965,1056.648799,272481.1316,447976.0226,0.3458
2019-07-03T14:30:00.00Z,7/3/2019 10:30,Main,69.99500643,1126.643805,272523.2709,447920.1336,0.3286
2019-07-03T14:31:00.00Z,7/3/2019 10:31,Main,61.50285624,1188.146662,272560.7556,447871.374,0.3621
2019-07-03T14:32:00.00Z,7/3/2019 10:32,Main,79.86744845,1268.01411,272612.7866,447810.7804,0.3287
2019-07-03T14:33:00.00Z,7/3/2019 10:33,Main,75.52727248,1343.541383,272666.2629,447757.4451,0.2891
2019-07-03T14:34:00.00Z,7/3/2019 10:34,Main,77.00768354,1420.549066,272727.6445,447710.9426,0.3295
2019-07-03T14:35:00.00Z,7/3/2019 10:35,Main,72.68653014,1493.235596,272791.9827,447677.1206,0.3224
2019-07-03T14:36:00.00Z,7/3/2019 10:36,Main,73.20329947,1566.438896,272857.6248,447644.7194,0.3357
2019-07-03T14:37:00.00Z,7/3/2019 10:37,Main,71.09713238,1637.536028,272920.619,447611.7568,0.2989
2019-07-03T14:38:00.00Z,7/3/2019 10:38,Main,71.00249316,1708.538521,272984.3466,447580.4495,0.3287
2019-07-03T14:39:00.00Z,7/3/2019 10:39,Main,72.30992808,1780.848449,273051.6008,447553.8864,0.3314
2019-07-03T14:40:00.00Z,7/3/2019 10:40,Main,70.11138962,1850.959839,273117.2245,447529.2057,0.3503
2019-07-03T14:41:00.00Z,7/3/2019 10:41,Main,63.55162194,1914.511461,273178.5538,447512.5466,0.3654
2019-07-03T14:42:00.00Z,7/3/2019 10:42,Main,63.4257721,1977.937233,273239.8697,447496.3235,0.3554
2019-07-03T14:43:00.00Z,7/3/2019 10:43,Main,74.53618292,2052.473416,273312.1328,447478.0564,0.3468
2019-07-03T14:44:00.00Z,7/3/2019 10:44,Main,69.24915059,2121.722567,273379.8658,447463.6451,0.3386
2019-07-03T14:45:00.00Z,7/3/2019 10:45,Main,63.93438319,2185.65695,273442.6663,447451.6575,0.3287
2019-07-03T14:46:00.00Z,7/3/2019 10:46,Main,65.11173734,2250.768687,273507.4905,447445.5451,0.3149
2019-07-03T14:47:00.00Z,7/3/2019 10:47,Main,62.92870181,2313.697389,273570.4192,447445.5602,0.3224
2019-07-03T14:48:00.00Z,7/3/2019 10:48,Main,69.59748457,2383.294873,273639.8782,447449.9485,0.34
2019-07-03T14:49:00.00Z,7/3/2019 10:49,Main,71.48894392,2454.783817,273711.3173,447452.6176,0.3115
2019-07-03T14:50:00.00Z,7/3/2019 10:50,Main,71.48444448,2526.268262,273782.2678,447461.3384,0.3249
2019-07-03T14:51:00.00Z,7/3/2019 10:51,Main,70.27340326,2596.541665,273852.2646,447467.5673,0.3055
2019-07-03T14:52:00.00Z,7/3/2019 10:52,Main,66.8763928,2663.418058,273918.4473,447477.1747,0.3289
2019-07-03T14:53:00.00Z,7/3/2019 10:53,Main,71.03315173,2734.45121,273989.0613,447484.88,0.3345
2019-07-03T14:54:00.00Z,7/3/2019 10:54,Main,76.63489885,2811.086108,274065.5304,447489.9183,0.3123
2019-07-03T14:55:00.00Z,7/3/2019 10:55,Main,77.33444066,2888.420549,274142.1677,447500.2788,0.3318
2019-07-03T14:56:00.00Z,7/3/2019 10:56,Main,70.70798403,2959.128533,274212.8096,447497.2225,0.2871
2019-07-03T14:57:00.00Z,7/3/2019 10:57,Main,56.46506095,3015.593594,274269.2102,447494.5252,0.3051
2019-07-03T14:58:00.00Z,7/3/2019 10:58,Main,66.46628607,3082.05988,274335.6167,447491.7067,0.2965
2019-07-03T14:59:00.00Z,7/3/2019 10:59,Main,73.56094814,3155.620828,274408.7186,447483.5015,0.2971
2019-07-03T15:00:00.00Z,7/3/2019 11:00,Main,73.18159147,3228.80242,274479.3075,447464.1947,0.2752
2019-07-03T15:01:00.00Z,7/3/2019 11:01,Main,74.98394894,3303.786369,274549.8532,447438.7802,0.3006
2019-07-03T15:02:00.00Z,7/3/2019 11:02,Main,76.75936174,3380.54573,274619.7617,447407.0816,0.2844
2019-07-03T15:03:00.00Z,7/3/2019 11:03,Main,77.22904116,3457.774772,274686.9777,447369.0509,0.2841
2019-07-03T15:04:00.00Z,7/3/2019 11:04,Main,75.70714439,3533.481916,274751.4507,447329.3671,0.2792
2019-07-03T15:05:00.00Z,7/3/2019 11:05,Main,73.79806037,3607.279976,274823.558,447313.6607,0.2861
2019-07-03T15:06:00.00Z,7/3/2019 11:06,Main,73.61423556,3680.894212,274889.9864,447345.3833,0.2392
2019-07-03T15:07:00.00Z,7/3/2019 11:07,Main,74.72682821,3755.62104,274935.936,447404.3132,0.3082
2019-07-03T15:08:00.00Z,7/3/2019 11:08,Main,75.88631272,3831.507353,274979.1505,447466.693,0.2629
2019-07-03T15:09:00.00Z,7/3/2019 11:09,Main,76.08686917,3907.594222,275022.2752,447529.3785,0.2616
2019-07-03T15:10:00.00Z,7/3/2019 11:10,Main,75.0614455,3982.655668,275067.4218,447589.3452,0.2532
2019-07-03T15:11:00.00Z,7/3/2019 11:11,Main,75.75884462,4058.414512,275113.528,447649.4586,0.26
2019-07-03T15:12:00.00Z,7/3/2019 11:12,Main,76.69685572,4135.111368,275157.26,447712.4659,0.2564
2019-07-03T15:13:00.00Z,7/3/2019 11:13,Main,77.36938661,4212.480754,275201.0482,447776.2516,0.2592
2019-07-03T15:14:00.00Z,7/3/2019 11:14,Main,76.46300315,4288.943758,275243.1976,447840.0483,0.2631
2019-07-03T15:15:00.00Z,7/3/2019 11:15,Main,75.34074563,4364.284503,275285.358,447902.4881,0.2517
2019-07-03T15:16:00.00Z,7/3/2019 11:16,Main,74.47107809,4438.755581,275329.7316,447962.2955,0.2569
2019-07-03T15:17:00.00Z,7/3/2019 11:17,Main,70.3750181,4509.130599,275376.1216,448015.2163,0.232
2019-07-03T15:18:00.00Z,7/3/2019 11:18,Main,68.40334985,4577.533949,275424.9194,448063.1516,0.2387
2019-07-03T15:19:00.00Z,7/3/2019 11:19,Main,64.60265887,4642.136608,275464.6306,448114.1077,0.2563
2019-07-03T15:20:00.00Z,7/3/2019 11:20,Main,72.57083434,4714.707442,275522.1683,448158.3337,0.2612
2019-07-03T15:21:00.00Z,7/3/2019 11:21,Main,74.43600853,4789.143451,275581.0606,448203.8575,0.2732
2019-07-03T15:22:00.00Z,7/3/2019 11:22,Main,74.15624201,4863.299693,275640.7715,448247.832,0.2644
2019-07-03T15:23:00.00Z,7/3/2019 11:23,Main,74.42552103,4937.725214,275700.8266,448291.7927,0.2759
2019-07-03T15:24:00.00Z,7/3/2019 11:24,Main,74.22362438,5011.948838,275763.4692,448331.6054,0.2429
2019-07-03T15:25:00.00Z,7/3/2019 11:25,Main,74.75930824,5086.708147,275826.561,448371.71,0.2512
2019-07-03T15:26:00.00Z,7/3/2019 11:26,Main,74.02751794,5160.735665,275887.6867,448413.4679,0.2613
2019-07-03T15:27:00.00Z,7/3/2019 11:27,Main,74.81980199,5235.555467,275952.5107,448450.829,0.2664
2019-07-03T15:28:00.00Z,7/3/2019 11:28,Main,73.71845492,5309.273922,276016.3097,448487.7627,0.2615
2019-07-03T15:29:00.00Z,7/3/2019 11:29,Main,74.07153452,5383.345456,276077.8392,448529.0024,0.2604
2019-07-03T15:30:00.00Z,7/3/2019 11:30,Main,80.20719935,5463.552655,276149.0497,448565.9112,-3.3827
2019-07-03T15:31:00.00Z,7/3/2019 11:31,Main,72.70623345,5536.258889,276213.2248,448600.0836,-3.388
2019-07-03T15:32:00.00Z,7/3/2019 11:32,Main,72.59573092,5608.85462,276276.2973,448636.028,-3.34
2019-07-03T15:33:00.00Z,7/3/2019 11:33,Main,71.72916043,5680.58378,276343.3713,448661.4475,-3.1149
2019-07-03T15:34:00.00Z,7/3/2019 11:34,Main,75.24783405,5755.831614,276416.6113,448678.7142,-2.7646
2019-07-03T15:35:00.00Z,7/3/2019 11:35,Main,71.11088116,5826.942495,276487.1666,448687.5859,-2.4133
2019-07-03T15:36:00.00Z,7/3/2019 11:36,Main,65.48192313,5892.424419,276552.6341,448688.9602,-2.2909
2019-07-03T15:37:00.00Z,7/3/2019 11:37,Main,64.13915407,5956.563573,276616.764,448690.0497,-2.0896
2019-07-03T15:38:00.00Z,7/3/2019 11:38,Main,66.14533603,6022.708909,276682.874,448692.2115,-2.0053
2019-07-03T15:39:00.00Z,7/3/2019 11:39,Main,65.60912866,6088.318037,276748.4685,448693.5969,-1.885
2019-07-03T15:40:00.00Z,7/3/2019 11:40,Main,63.07766391,6151.395701,276811.2775,448699.4125,-1.7558
2019-07-03T15:41:00.00Z,7/3/2019 11:41,Main,62.12601414,6213.521715,276873.3512,448696.8635,-1.5892
2019-07-03T15:42:00.00Z,7/3/2019 11:42,Main,58.92998745,6272.451703,276931.6367,448705.5551,-1.4169
2019-07-03T15:43:00.00Z,7/3/2019 11:43,Main,63.09191328,6335.543616,276993.513,448717.8804,-1.3113
2019-07-03T15:44:00.00Z,7/3/2019 11:44,Main,60.34500889,6395.888625,277052.8991,448728.5954,-1.2572
2019-07-03T15:45:00.00Z,7/3/2019 11:45,Main,57.79205739,6453.680682,277109.0575,448742.2393,-1.1625
2019-07-03T15:46:00.00Z,7/3/2019 11:46,Main,59.85134382,6513.532026,277166.8774,448757.7003,-1.0849
2019-07-03T15:47:00.00Z,7/3/2019 11:47,Main,58.01841451,6571.550441,277222.2825,448774.9169,-1.0538
2019-07-03T15:48:00.00Z,7/3/2019 11:48,Main,62.26517828,6633.815619,277283.2652,448787.4892,-1.0253
2019-07-03T15:49:00.00Z,7/3/2019 11:49,Main,58.56188778,6692.377507,277340.5841,448799.4908,-1.0045
2019-07-03T15:50:00.00Z,7/3/2019 11:50,Main,62.4104959,6754.788003,277401.5562,448812.8127,-1.0765
2019-07-03T15:51:00.00Z,7/3/2019 11:51,Main,60.10469429,6814.892697,277461.6101,448815.2832,-1.0438
2019-07-03T15:52:00.00Z,7/3/2019 11:52,Main,61.22332382,6876.116021,277522.4032,448808.0379,-0.9171
2019-07-03T15:53:00.00Z,7/3/2019 11:53,Main,62.75692634,6938.872947,277579.8991,448782.8853,-0.8349
2019-07-03T15:54:00.00Z,7/3/2019 11:54,Main,64.68212149,7003.555069,277632.4472,448745.1696,-0.8096
2019-07-03T15:55:00.00Z,7/3/2019 11:55,Main,65.1931975,7068.748266,277682.7172,448703.6596,-0.774
2019-07-03T15:56:00.00Z,7/3/2019 11:56,Main,65.63692238,7134.385188,277732.8295,448661.269,-0.7226
2019-07-03T15:57:00.00Z,7/3/2019 11:57,Main,65.41479951,7199.799988,277785.0928,448621.9289,-0.6621
2019-07-03T15:58:00.00Z,7/3/2019 11:58,Main,66.45896489,7266.258953,277842.7665,448588.9056,-0.6578
2019-07-03T15:59:00.00Z,7/3/2019 11:59,Main,67.13904685,7333.398,277904.4884,448562.4848,-0.5806
2019-07-03T16:00:00.00Z,7/3/2019 12:00,Main,67.15815175,7400.556151,277969.4953,448545.623,-0.5725
2019-07-03T16:01:00.00Z,7/3/2019 12:01,Main,61.91862647,7462.474778,278029.7747,448531.4699,-3.3552
2019-07-03T16:02:00.00Z,7/3/2019 12:02,Main,60.46585046,7522.940628,278088.3403,448516.4303,-0.9499
2019-07-03T16:03:00.00Z,7/3/2019 12:03,Main,61.58806072,7584.528689,278146.9145,448497.4,0.4798
2019-07-03T16:04:00.00Z,7/3/2019 12:04,Main,59.69588074,7644.22457,278199.9683,448470.0341,-3.8627
2019-07-03T16:05:00.00Z,7/3/2019 12:05,Main,56.090311,7700.314881,278247.4768,448440.2169,5.9157
2019-07-03T16:06:00.00Z,7/3/2019 12:06,Main,69.33246155,7769.647342,278302.6969,448398.2916,-1.5994
2019-07-03T16:07:00.00Z,7/3/2019 12:07,Main,65.80723715,7835.45458,278350.3183,448352.8736,-0.7717
2019-07-03T16:08:00.00Z,7/3/2019 12:08,Main,66.74967535,7902.204255,278396.7096,448304.8802,-0.5408
2019-07-03T16:09:00.00Z,7/3/2019 12:09,Main,66.26791729,7968.472172,278437.4752,448252.6346,-1.0834
2019-07-03T16:10:00.00Z,7/3/2019 12:10,Main,64.21410142,8032.686274,278468.8438,448196.6037,-1.1129
2019-07-03T16:11:00.00Z,7/3/2019 12:11,Main,61.95486006,8094.641134,278494.808,448140.3519,-1.2764
2019-07-03T16:12:00.00Z,7/3/2019 12:12,Main,55.36186186,8150.002996,278518.1297,448090.142,-0.5227
2019-07-03T16:13:00.00Z,7/3/2019 12:13,Main,56.80249064,8206.805486,278544.014,448039.5799,0.0634
2019-07-03T16:14:00.00Z,7/3/2019 12:14,Main,58.02436398,8264.82985,278569.3034,447987.3566,-0.4589
2019-07-03T16:15:00.00Z,7/3/2019 12:15,Main,59.24177309,8324.071623,278592.7211,447932.9397,-0.7644
2019-07-03T16:16:00.00Z,7/3/2019 12:16,Main,70.12397329,8394.195597,278614.5514,447866.3003,-0.7436
2019-07-03T16:17:00.00Z,7/3/2019 12:17,Main,71.29642394,8465.49202,278630.1229,447796.7251,-0.8479
2019-07-03T16:18:00.00Z,7/3/2019 12:18,Main,70.22909032,8535.721111,278644.5044,447727.9843,-1.0269
2019-07-03T16:19:00.00Z,7/3/2019 12:19,Main,72.38000613,8608.101117,278672.7722,447661.3525,-0.9714
2019-07-03T16:20:00.00Z,7/3/2019 12:20,Main,67.48123428,8675.582351,278714.2349,447608.1119,-0.5692
